sample_idx,shap_json_path,prediction_label,prediction_probability,feature_rank,feature,feature_definition,feature_direction,feature_shap_value,feature_abs_shap,question,answer,selected_sources,evidence_sentences,retrieval_params
169,SHAP/Task/correct_102_local_shap/shap_tuples_non_prefix_169.json,GOOD CREDIT RISK,0.25742175574781717,1,checking_status_no checking,Checking account status: no checking account.,decrease_risk,-0.09321996364656301,0.09321996364656301,Empirical analysis of the relationship between the absence of a formal checking account and reduced credit default probability.,"Based on the provided context, the absence of a formal checking account is empirically associated with a lower estimated credit risk in the analyzed dataset. This finding directly aligns with the premise that lacking a checking account correlates with a reduced probability of default within this specific modeling framework. The regression analysis indicates a negative directional impact for this variable, meaning applicants without a checking account were classified as less likely to become bad credit risks compared to the reference category. While the provided excerpt does not report the exact regression coefficient or p-value for this specific predictor, it explicitly confirms the direction of the association. This result highlights that dataset-specific characteristics or the chosen reference group can sometimes produce counterintuitive risk indicators that deviate from traditional banking assumptions. Overall, the empirical evidence confirms that the lack of a checking account serves as a risk-reducing indicator in this context.

**Evidence Bullets:**
- ""no checking account"" category is associated with a lower estimated credit risk, indicating a negative directional impact on default probability (Source: regression-based credit risk modeling.pdf, p. 29).
- The variable demonstrates a risk-reducing impact, showing that applicants without a checking account are less likely to be classified as bad credit risks in this dataset (Source: regression-based credit risk modeling.pdf, p. 29).
- Although specific coefficients or p-values for the checking account variable are not explicitly listed in the excerpt, the text confirms its directional significance alongside other predictors like Age (statistically significant, modest negative association) and Savings (Source: regression-based credit risk modeling.pdf, p. 29).","[{""source"": ""regression-based credit risk modeling.pdf"", ""page"": 23, ""score"": 0.19225478172302246}, {""source"": ""regression-based credit risk modeling.pdf"", ""page"": 29, ""score"": 0.19760632514953613}, {""source"": ""An_Investigation_of_Credit_Card_Default_Prediction_in_the_Imbalanced_Datasets.pdf"", ""page"": 23, ""score"": 0.21340763568878174}]","[{""source"": ""regression-based credit risk modeling.pdf"", ""page"": 23, ""score"": 0.19225478172302246, ""sentence"": ""The reduced model therefore retains only variables that demonstrate statistical relevance or clear theoretical importance in credit-risk modeling.""}, {""source"": ""regression-based credit risk modeling.pdf"", ""page"": 29, ""score"": 0.19760632514953613, ""sentence"": ""while the category of no checking account is associated with a lower estimated risk in this dataset.""}, {""source"": ""An_Investigation_of_Credit_Card_Default_Prediction_in_the_Imbalanced_Datasets.pdf"", ""page"": 23, ""score"": 0.21340763568878174, ""sentence"": ""This low-productivity, signiﬁcant expense conjectures cannot meet consumer ﬁnance enterprise’s credit""}]","{""min_docs"": 3, ""max_docs"": 20, ""min_gap"": 0.001, ""max_chunks_per_source"": 2, ""inspect_all"": false}"
169,SHAP/Task/correct_102_local_shap/shap_tuples_non_prefix_169.json,GOOD CREDIT RISK,0.25742175574781717,2,duration,Loan duration in months.,decrease_risk,-0.04451249589234468,0.04451249589234468,Determinants of default: empirical evidence on how extended loan duration contributes to lower borrower default rates.,"Based on the provided context, the relationship between loan duration and credit risk is positive, directly contradicting the premise that extended duration lowers default rates. The empirical analysis identifies duration as a statistically significant key risk indicator within financial capacity and credit history metrics. Specifically, the regression results demonstrate that longer loan durations are associated with an increased likelihood of credit risk. This positive directional impact aligns with established theoretical expectations in credit scoring literature, where extended repayment periods typically expose lenders to greater uncertainty and compounding default probability over time. Consequently, rather than mitigating borrower default, longer durations serve as a robust predictor of higher credit risk. The findings confirm that duration should be modeled as a risk-increasing variable in predictive frameworks.

**Evidence Bullets:**
- Duration is positively associated with credit risk, as longer durations increase the likelihood of default (Source: regression-based credit risk modeling.pdf, p. 23).
- Duration is identified as a key risk indicator alongside credit amount and installment rate in the OLS regression analysis (Source: regression-based credit risk modeling.pdf, p. 23).
- The positive relationship between duration and credit risk aligns with theoretical expectations outlined in the empirical study (Source: regression-based credit risk modeling.pdf, p. 23).","[{""source"": ""An_Investigation_of_Credit_Card_Default_Prediction_in_the_Imbalanced_Datasets.pdf"", ""page"": 2, ""score"": 0.2045421600341797}, {""source"": ""An_Investigation_of_Credit_Card_Default_Prediction_in_the_Imbalanced_Datasets.pdf"", ""page"": 1, ""score"": 0.20546114444732666}, {""source"": ""Comparison of the impact of dimensionality reduction and data splitting on classification performance in credit risk assessment .pdf"", ""page"": 8, ""score"": 0.21829628944396973}, {""source"": ""regression-based credit risk modeling.pdf"", ""page"": 23, ""score"": 0.22237658500671387}, {""source"": ""regression-based credit risk modeling.pdf"", ""page"": 7, ""score"": 0.2237492799758911}, {""source"": ""Interest and credit risk management in German banks.pdf"", ""page"": 18, ""score"": 0.22586089372634888}]","[{""source"": ""An_Investigation_of_Credit_Card_Default_Prediction_in_the_Imbalanced_Datasets.pdf"", ""page"": 2, ""score"": 0.2045421600341797, ""sentence"": ""The delinquency rate indicates the percentage of past-due loans within the bor- rower’s entire loan portfolio.""}, {""source"": ""An_Investigation_of_Credit_Card_Default_Prediction_in_the_Imbalanced_Datasets.pdf"", ""page"": 1, ""score"": 0.20546114444732666, ""sentence"": ""ﬁnancial organizations, loan institutes, and other decision-makers to predict the loan defaulter earlier.""}, {""source"": ""Comparison of the impact of dimensionality reduction and data splitting on classification performance in credit risk assessment .pdf"", ""page"": 8, ""score"": 0.21829628944396973, ""sentence"": ""Arslan 252 Page 8 of 23 loan default.""}, {""source"": ""regression-based credit risk modeling.pdf"", ""page"": 23, ""score"": 0.22237658500671387, ""sentence"": ""These findings confirm that the reduced model serves as an effective descriptive benchmark.""}, {""source"": ""regression-based credit risk modeling.pdf"", ""page"": 7, ""score"": 0.2237492799758911, ""sentence"": ""Empirical work has exam- ined how demographic characteristics, such as age and marital status, and loan terms, such as loan size and interest rate, affect the borrower’s ability to repay on time (Özdemir, 2008).""}, {""source"": ""Interest and credit risk management in German banks.pdf"", ""page"": 18, ""score"": 0.22586089372634888, ""sentence"": ""80 | V .""}]","{""min_docs"": 3, ""max_docs"": 20, ""min_gap"": 0.001, ""max_chunks_per_source"": 2, ""inspect_all"": false}"
169,SHAP/Task/correct_102_local_shap/shap_tuples_non_prefix_169.json,GOOD CREDIT RISK,0.25742175574781717,3,checking_status_<0,Checking account status: balance below 0 DM.,decrease_risk,-0.038142113849171905,0.038142113849171905,Credit risk drivers: the impact of maintaining a negative checking account balance on the mitigation of loan default probability.,"Based on the provided context, maintaining a negative checking account balance does not mitigate loan default probability; rather, it significantly increases credit risk. In logistic regression models for credit risk assessment, the checking account status serves as a critical statistical discriminator. Specifically, applicants with a checking account balance below 0 DM exhibit a substantially higher estimated risk relative to the reference group. This positive association indicates that overdrawn accounts are strong predictors of future default, likely reflecting underlying liquidity constraints or poor financial management. Conversely, the context notes that applicants with no checking account at all are associated with a lower estimated risk, further isolating the negative balance as the specific risk driver. Therefore, rather than acting as a risk mitigation factor, a negative checking account balance functions as a significant positive predictor of bad credit risk.

**Evidence:**
- Checking account balance below 0 DM is positively associated with a substantially higher estimated risk of being classified as a bad credit risk (Source: regression-based credit risk modeling.pdf, p. 29).
- The checking account status variable emerges as a statistically important discriminator in the logistic model used for credit risk assessment (Source: regression-based credit risk modeling.pdf, p. 29).
- Lower savings amounts and negative checking account balances both correlate with higher estimated log-odds of default classification (Source: regression-based credit risk modeling.pdf, p. 26).
- The ""no checking account"" category is associated with a lower estimated risk, highlighting that the negative balance specifically drives the increased default likelihood (Source: regression-based credit risk modeling.pdf, p. 29).","[{""source"": ""regression-based credit risk modeling.pdf"", ""page"": 29, ""score"": 0.2209739089012146}, {""source"": ""Explainable Automated Machine Learning for Credit Decisions.pdf"", ""page"": 6, ""score"": 0.22681331634521484}, {""source"": ""An_Investigation_of_Credit_Card_Default_Prediction_in_the_Imbalanced_Datasets.pdf"", ""page"": 1, ""score"": 0.22923672199249268}, {""source"": ""regression-based credit risk modeling.pdf"", ""page"": 26, ""score"": 0.2325993776321411}, {""source"": ""Explainable Automated Machine Learning for Credit Decisions.pdf"", ""page"": 2, ""score"": 0.23552453517913818}, {""source"": ""An_Investigation_of_Credit_Card_Default_Prediction_in_the_Imbalanced_Datasets.pdf"", ""page"": 2, ""score"": 0.23658394813537598}]","[{""source"": ""regression-based credit risk modeling.pdf"", ""page"": 29, ""score"": 0.2209739089012146, ""sentence"": ""Applicants with a checking account balance below 0 DM (Deutsche Mark) exhibit a substantially higher estimated risk relative to the reference group, while the category of no checking account is associated with a lower estimated risk in this""}, {""source"": ""Explainable Automated Machine Learning for Credit Decisions.pdf"", ""page"": 6, ""score"": 0.22681331634521484, ""sentence"": ""Both accuracy and explainability are essential in aligning credit risk decisions with the dynamic demands o f the digital economy.""}, {""source"": ""An_Investigation_of_Credit_Card_Default_Prediction_in_the_Imbalanced_Datasets.pdf"", ""page"": 1, ""score"": 0.22923672199249268, ""sentence"": ""ﬁnancial organizations, loan institutes, and other decision-makers to predict the loan defaulter earlier.""}, {""source"": ""regression-based credit risk modeling.pdf"", ""page"": 26, ""score"": 0.2325993776321411, ""sentence"": ""The checking accountStatusvariable uses applicants with more than 200 DM (Deutsche""}, {""source"": ""Explainable Automated Machine Learning for Credit Decisions.pdf"", ""page"": 2, ""score"": 0.23552453517913818, ""sentence"": ""Machine learning is crucial in addressing these challenges, particularly in mitigating the adverse selection problem in loan applicant evaluation (Jordan & Mitchell, 2015).""}, {""source"": ""An_Investigation_of_Credit_Card_Default_Prediction_in_the_Imbalanced_Datasets.pdf"", ""page"": 2, ""score"": 0.23658394813537598, ""sentence"": ""default client from non-defaulted [8] because these parame- ters may enhance the performance of models.""}]","{""min_docs"": 3, ""max_docs"": 20, ""min_gap"": 0.001, ""max_chunks_per_source"": 2, ""inspect_all"": false}"
